1	50	43	21	27
2	150	53	29	37
3	200	26	15	18
4	60	53	29	37
5	50	43	21	27
6	40	53	29	37
7	50	43	21	27
8	1	33	96	30
9	1	26	62	40
10	1	13	72	68
11	1	61	75	10
12	1	12	80	11
13	1	46	26	34
14	1	50	78	50
15	1	66	72	238
16	1	55	55	55
17	1	13	44	46
18	1	62	78	50
19	1	208	30	111
20	1	80	120	60
21	1	72	120	60
22	1	70	130	54
23	1	248	107	18
24	1	66	95	60
25	1	107	195	18
26	1	68	68	68
27	1	62	78	50
28	1	183	122	100
29	1	163	122	120
30	1	120	180	111
31	1	120	84	11
32	1	120	234	11
33	1	140	210	11
34	1	120	90	11
35	1	140	150	100
36	1	103	122	97
37	1	98	168	68
38	1	96	132	66